 <pre>

 Contingency table for Visibility (m)
 Selection: ALL    695 stations
Period: 20201228-20210110
Used {00,06,12,18} + 00 01 ... 36
 Limits    1000.00000       5000.00000       10000.0000       20000.0000    
 Each class is data <= limit, the very last > last limit
 Total number of values      795697
                                     OBSERVATION
                                   9275    12473     6336     3161     1449 |     32694
                                  12894    71089    53090    45905    31200 |    214178
                          mc11     2184    21034    23282    32514    33360 |    112374
                                    641     5150     9116    16557    30420 |     61884
                                   4723    31018    46754    95219   196853 |    374567

                    SUM           29717   140764   138578   193356   293282 |    795697
                                     OBSERVATION
                                   9193    12454     6236     3223     1493 |     32599
                                  13022    71091    53011    45819    31258 |    214201
                          mc22     2161    20868    23382    32552    33170 |    112133
                                    633     5050     9162    16612    29756 |     61213
                                   4708    31301    46787    95150   197605 |    375551

                    SUM           29717   140764   138578   193356   293282 |    795697
                                     OBSERVATION
                                   9131    12406     6313     3159     1439 |     32448
                                  13030    71174    52948    45743    30974 |    213869
                          mc33     2186    21036    23487    32848    33634 |    113191
                                    657     5161     9206    16933    30793 |     62750
                                   4713    30987    46624    94673   196442 |    373439

                    SUM           29717   140764   138578   193356   293282 |    795697

