 <pre>

 Contingency table for Cloud cover (octas)
 Selection: ALL    590 stations
Period: 20201228-20210103
Used {00,06,12,18} + 01 03 ... 36
 Limits   0.500000000       1.50000000       2.50000000       3.50000000       4.50000000       5.50000000       6.50000000       7.50000000    
 Each class is data <= limit, the very last > last limit
 Total number of values      292511
                                                       OBSERVATION
                                   6230      955      603      447      273      245      336     1050     3909 |     14048
                                    833      323      180      191      120      150      160      640     1630 |      4227
                                    532      203      143      112       90      136      147      537     1321 |      3221
                                    390      153      122       96       79      126      110      548     1327 |      2951
                          mc11      379      135      134      115       96      112      150      549     1371 |      3041
                                    353      141      139      123       82      133      155      683     1818 |      3627
                                    429      160      168      158      131      180      236      968     2572 |      5002
                                    697      265      290      258      208      336      434     1833     5282 |      9603
                                   4121     1470     1329     1649     1359     2930     3877    34606   195450 |    246791

                    SUM           13964     3805     3108     3149     2438     4348     5605    41414   214680 |    292511
                                                       OBSERVATION
                                   6216      934      593      447      270      252      329     1042     3848 |     13931
                                    844      329      195      192      111      151      173      619     1622 |      4236
                                    539      177      136      105       88      130      150      537     1323 |      3185
                                    433      152      134       98       95      114      114      547     1351 |      3038
                          mc22      367      145      115      111       93      103      136      563     1383 |      3016
                                    331      138      117      117       82      138      163      691     1855 |      3632
                                    411      169      155      163      116      167      253      939     2656 |      5029
                                    708      277      289      261      199      341      400     1836     5434 |      9745
                                   4115     1484     1374     1655     1384     2952     3887    34640   195208 |    246699

                    SUM           13964     3805     3108     3149     2438     4348     5605    41414   214680 |    292511
                                                       OBSERVATION
                                   6206      945      594      468      267      245      325     1081     3908 |     14039
                                    904      312      179      179      122      136      163      616     1681 |      4292
                                    542      202      138      116       79      136      139      552     1304 |      3208
                                    418      152      129       93       95      112      120      522     1307 |      2948
                          mc33      355      118      129      114       96      114      139      583     1422 |      3070
                                    365      148      111      116       91      120      168      668     1784 |      3571
                                    383      169      153      144      127      163      224      907     2570 |      4840
                                    694      266      279      250      188      347      406     1890     5326 |      9646
                                   4097     1493     1396     1669     1373     2975     3921    34595   195378 |    246897

                    SUM           13964     3805     3108     3149     2438     4348     5605    41414   214680 |    292511

