 <pre>

 Contingency table for Cloud cover (octas)
 Selection: ALL    592 stations
Period: 20201228-20210110
Used {00,06,12,18} + 01 03 ... 36
 Limits   0.500000000       1.50000000       2.50000000       3.50000000       4.50000000       5.50000000       6.50000000       7.50000000    
 Each class is data <= limit, the very last > last limit
 Total number of values      605042
                                                       OBSERVATION
                                  14008     2254     1503     1058      634      718      798     2898    12744 |     36615
                                   2326      689      571      467      260      416      443     1788     7680 |     14640
                                   1499      426      353      273      187      304      379     1523     6245 |     11189
                                   1133      349      313      245      159      289      313     1393     5759 |      9953
                          mc11      984      298      314      252      175      290      365     1415     6008 |     10101
                                    935      323      308      303      188      326      372     1569     6984 |     11308
                                   1033      390      400      341      254      386      523     2242     9005 |     14574
                                   1653      562      580      526      414      703      932     3836    16418 |     25624
                                   7979     2689     2491     2871     2220     4971     6904    62619   378294 |    471038

                    SUM           31550     7980     6833     6336     4491     8403    11029    79283   449137 |    605042
                                                       OBSERVATION
                                  13972     2207     1480     1046      631      719      787     2838    12679 |     36359
                                   2362      679      604      461      244      402      449     1810     7677 |     14688
                                   1464      413      349      272      192      297      378     1485     6222 |     11072
                                   1176      338      321      251      183      275      314     1388     5816 |     10062
                          mc22      985      320      309      258      173      273      346     1466     6003 |     10133
                                    892      343      286      276      180      339      401     1610     6904 |     11231
                                   1033      367      398      363      233      385      528     2174     9117 |     14598
                                   1649      575      600      518      404      691      906     3854    16544 |     25741
                                   8017     2738     2486     2891     2251     5022     6920    62658   378175 |    471158

                    SUM           31550     7980     6833     6336     4491     8403    11029    79283   449137 |    605042
                                                       OBSERVATION
                                  14005     2247     1507     1086      631      746      789     2951    12878 |     36840
                                   2425      667      566      468      262      394      434     1784     7780 |     14780
                                   1482      440      351      279      172      323      369     1521     6245 |     11182
                                   1143      336      311      240      179      278      329     1367     5795 |      9978
                          mc33      974      295      324      271      174      291      345     1469     6027 |     10170
                                    935      334      279      291      190      295      392     1590     6844 |     11150
                                   1006      368      386      322      247      367      509     2143     9175 |     14523
                                   1614      585      589      514      391      708      894     3942    16490 |     25727
                                   7966     2708     2520     2865     2245     5001     6968    62516   377903 |    470692

                    SUM           31550     7980     6833     6336     4491     8403    11029    79283   449137 |    605042

