 <pre>

 Contingency table for Visibility (m)
 Selection: ALL    694 stations
Period: 20201228-20210103
Used {00,06,12,18} + 00 01 ... 36
 Limits    1000.00000       5000.00000       10000.0000       20000.0000    
 Each class is data <= limit, the very last > last limit
 Total number of values      387355
                                     OBSERVATION
                                   7039     8877     4246     1976      842 |     22980
                                   8432    43681    31823    26517    17023 |    127476
                          mc11     1080     9723    10408    14468    16155 |     51834
                                    201     1620     3343     6193    12901 |     24258
                                   1907    11718    19403    40005    87774 |    160807

                    SUM           18659    75619    69223    89159   134695 |    387355
                                     OBSERVATION
                                   6950     8912     4212     2007      888 |     22969
                                   8562    43621    31707    26499    17004 |    127393
                          mc22     1036     9434    10249    14139    15581 |     50439
                                    190     1533     3203     5950    11661 |     22537
                                   1921    12119    19852    40564    89561 |    164017

                    SUM           18659    75619    69223    89159   134695 |    387355
                                     OBSERVATION
                                   6987     8905     4261     2028      851 |     23032
                                   8536    43733    31799    26401    16847 |    127316
                          mc33     1021     9484    10285    14239    15818 |     50847
                                    186     1566     3176     6134    12304 |     23366
                                   1929    11931    19702    40357    88875 |    162794

                    SUM           18659    75619    69223    89159   134695 |    387355

